<Coefficient>
3 Total number of radial orbitals.
Type   L   Zeta
In 0  0
    -0.23601774527137
    -0.20237469885114
     0.01458320284948
     0.12231228830269
     0.13324497775367
     0.09022954388429
     0.04706686531808
     0.01423469489299
     0.00256943802527
    -0.00203916877027
     0.00049184504374
     0.00021080411980
     0.00114014494168
    -0.00032329531546
     0.00032677303371
    -0.00025321777676
     0.00019624711160
    -0.00014194676938
    -0.00001991729524
     0.00009791093772
    -0.00001778378583
     0.00027807931151
Type   L   Zeta
In 1  0
     0.39652960273104
     0.29128686558253
     0.08881210140927
    -0.01120118227313
    -0.05306935348738
    -0.03979347426501
    -0.02581631260322
    -0.00433711005703
    -0.00198648617996
     0.00298505418337
    -0.00207409851666
    -0.00005864436164
    -0.00232665282877
    -0.00001317668341
    -0.00034078268587
     0.00071529644986
    -0.00034047186363
     0.00005963755138
    -0.00005007271494
    -0.00031151306086
     0.00056497033426
    -0.00072718713406
Type   L   Zeta
In 2  0
    -0.07661419793901
    -0.23750184601447
    -0.41537685158709
    -0.55940001503603
    -0.64218549136304
    -0.65385727436459
    -0.59787803201459
    -0.49158853935213
    -0.36071453385168
    -0.23308633603308
    -0.12928503591488
    -0.05894191197113
    -0.01998921633710
    -0.00371348735507
     0.00042337356096
     0.00019407743566
    -0.00039030829793
    -0.00033765149563
     0.00002819414987
     0.00015280972502
     0.00010491141755
     0.00000371666731
</Coefficient>
